0 21
0 22
0 36
0 59
1 7
1 30
1 46
1 59
1 66
1 68
1 70
1 77
1 87
1 94
2 6
2 44
2 47
2 53
2 77
2 80
3 27
3 30
3 49
3 58
3 78
3 97
4 36
4 51
4 56
4 97
5 6
5 15
5 91
6 87
6 94
7 31
7 34
7 42
7 43
7 59
8 37
8 38
8 60
8 88
9 17
9 21
9 73
9 91
10 15
10 17
10 24
10 40
10 74
10 75
10 76
11 45
11 47
11 99
12 66
12 67
12 91
13 16
13 27
13 47
13 48
13 83
13 88
13 96
14 15
14 16
14 18
14 50
14 63
14 78
15 40
15 46
15 52
15 67
16 97
17 35
17 77
17 88
18 25
18 33
18 38
18 51
18 63
18 90
19 48
19 55
19 60
20 48
20 53
20 57
20 65
20 97
21 31
21 37
21 42
21 46
21 60
22 46
22 57
22 93
23 35
23 52
23 95
24 48
24 82
24 84
24 96
25 38
25 69
25 73
25 78
25 95
26 67
27 29
27 39
27 53
27 54
27 67
27 93
28 87
29 74
29 87
29 88
29 91
30 36
30 43
30 69
31 35
31 41
31 42
31 69
31 74
31 82
31 91
32 63
32 78
32 80
32 83
33 47
33 82
33 84
33 88
33 96
34 37
34 44
34 49
34 52
35 42
35 60
35 67
35 84
36 56
37 40
37 63
37 80
37 86
37 89
37 95
39 53
39 61
39 96
40 49
41 80
42 44
42 99
43 45
43 62
44 99
45 63
45 64
45 80
45 87
45 97
46 56
46 79
47 72
47 89
47 99
48 50
48 91
49 51
49 65
49 88
50 58
50 89
52 55
52 74
53 57
53 63
53 70
53 77
53 94
54 87
55 94
56 65
56 92
57 70
57 94
58 65
59 74
61 78
61 85
61 90
63 67
63 68
63 85
63 98
64 71
65 80
65 90
65 98
66 67
66 86
68 76
69 84
70 86
70 93
73 89
75 84
75 93
76 85
78 82
78 85
78 87
79 92
79 99
81 83
81 94
82 90
85 86
86 88
87 93
88 98
