0 1
0 45
1 9
1 19
1 32
1 33
1 49
2 3
2 9
2 32
2 35
2 44
3 22
3 28
3 48
4 5
4 9
4 38
4 49
5 21
5 25
5 36
5 46
5 47
5 48
6 33
7 11
7 14
7 25
7 47
8 12
8 29
9 14
9 19
9 23
9 27
9 37
9 40
9 42
10 33
11 42
11 48
12 36
12 47
13 32
13 41
13 47
14 15
14 19
14 42
14 43
15 39
15 40
15 46
16 26
16 32
16 33
17 22
17 29
17 39
17 44
18 34
18 37
18 38
18 39
18 47
19 45
20 26
20 29
20 37
20 46
21 27
21 30
21 31
21 44
22 29
22 38
22 47
24 41
26 28
26 35
26 43
27 40
27 44
27 48
28 38
28 45
29 30
29 41
29 45
30 42
30 43
30 47
31 45
32 49
34 38
36 41
36 45
37 42
37 48
38 47
38 49
40 46
47 48
48 49
